2832
76839
49919
85104
85366
3526
32648
63625
35698
20928
78564
75954
74873
66530
32020
32487
55030
64506
73442
7806
84280
3878
39693
89340
30187
88796
36104
11174
30353
98144
5044
54786
80864
81627
9740
2513
43809
62545
64046
36671
13591
13687
88942
87497
8403
22044
4788
46477
8052
60531
74678
78121
42215
40427
98731
82859
44219
26990
21760
86523
24650
62454
57448
57716
86331
55618
51058
83406
97651
65259
99630
65193
64739
25819
23739
33961
94665
38118
38120
18996
21609
75295
99782
49172
75857
34737
21735
8411
11531
456
28045
15403
73100
67189
91639
48430
73019
17428
40150
90153
73247
35662
37052
24356
11935
90310
45442
76866
93215
13127
60036
56293
62854
58308
49303
16692
25379
29101
84138
33905
19377
18397
42062
60093
56802
21618
66656
96833
49404
45140
30804
6173
90821
51562
99282
61164
36404
54325
11302
22632
24491
98506
6904
17345
12669
42035
2365
84231
60413
82182
79321
49922
75594
55809
89867
92664
56457
78743
95638
54512
2976
79532
52704
65718
41904
25936
26109
52377
8366
38686
67960
8616
53506
36351
21198
28013
2478
57620
17551
5440
69997
62857
22612
40125
51675
25457
43597
93518
48561
85401
56081
81394
49549
52295
24798
8659
91774
13274
90651
87415
42603
22340
71081
14146
98536
22012
74249
20206
76066
75609
58777
51357
77513
69064
80290
76670
50835
74841
53600
74917
26597
57358
25089
97408
7582
39259
93689
60270
6902
40924
40853
76271
79027
51835
29980
96556
64818
91697
14001
96038
76394
71672
46172
2689
80631
71652
23593
40614
1072
8173
5565
29526
47225
79410
39633
59144
97493
38616
97006
36016
7389
65447
65995
82420
88243
75791
77250
52223
3234
35062
37761
16988
57415
17326
31960
67102
16245
83227
7719
67327
73239
33350
2646
3941
1475
30475
81798
61511
65975
74140
51784
71334
44413
53958
88192
80730
2117
4375
63392
2598
94010
32815
89957
18063
20894
95657
1334
21503
50421
52001
75829
16902
24110
33925
72600
97229
10939
33699
89043
64402
35316
23409
67845
76422
2662
90476
78903
40370
69345
93768
76446
5246
55400
19311
84892
46957
78218
42045
98339
79325
93335
80638
88053
69565
64443
66079
99905
84461
48957
31545
89450
44352
77710
71033
86177
16020
27783
7273
431
32725
36016
55646
86616
89878
77381
70149
54493
28208
37219
9882
76749
82814
39215
70104
75493
46084
52049
80598
82899
65247
86817
85898
61983
71196
14577
86872
42309
14200
78821
41219
72427
64301
51179
91645
15902
19388
80347
14772
21071
52364
13986
61302
75947
20313
31281
88511
19226
53181
9858
69838
15901
37273
64940
3157
21737
9731
40881
29258
54697
84149
5658
15132
63396
34638
97411
52838
32727
75886
98794
74060
95071
90138
69682
82894
21801
68548
51689
64968
54310
53941
68985
39706
96345
94834
89072
84336
30195
46377
74440
73223
38095
82951
51458
44124
7199
19218
46383
24206
71566
71735
90019
22935
97827
31572
72364
26434
52548
59910
36470
8429
98787
63224
36796
6626
56906
52369
51479
161
30481
40836
30250
63715
41939
91377
80106
66951
44560
77379
39423
34111
77577
85587
67803
77951
9316
50192
83793
74601
69669
74746
15475
51536
7685
68070
89977
19517
22630
92999
77136
91166
7615
2753
19796
93826
13724
18670
28652
2356
89564
85219
93088
88771
76228
23415
61109
9898
40913
92175
71258
31704
13768
58639
77311
19473
52026
73116
92595
6761
93065
42060
94916
92795
73763
93373
75370
8012
87383
32325
84747
30423
21168
93515
29727
31727
67926
4551
97773
81396
33141
90503
44385
39401
65451
64694
59286
23809
22826
71001
39172
48178
49384
65638
33786
85492
78496
52208
99390
30315
96669
12880
89091
98918
99699
10623
33047
28321
47645
72718
13191
9492
78432
4129
16960
17425
71210
20826
62352
81347
60100
37781
22744
72001
86522
94104
43997
69808
44041
48689
38711
17588
13527
33696
62872
54643
8361
10396
28681
75166
49560
32070
84014
53260
68872
82130
93738
29306
94292
22043
91041
57971
6868
53332
27932
76842
70297
70652
43273
66490
25536
58831
83946
37716
11480
65749
60203
99779
19740
65090
89755
34621
16667
8223
86838
26398
68962
52875
82269
73089
90588
47731
18411
37497
88155
46767
49006
78672
19544
24830
88005
41587
96283
66894
93782
72841
54004
7408
45572
73236
87304
3277
67451
94260
95421
34292
81896
34827
13369
38177
29705
97065
9506
3938
75987
15516
14999
66843
32955
82788
13242
71077
69441
56538
58002
92039
44294
47579
7909
39222
96275
56999
61910
92752
46577
51348
55360
61926
21750
39284
29681
92461
84623
40486
19850
90665
68698
18244
13452
77373
47547
80791
22646
32260
34879
43280
76085
39992
3261
82250
81714
3710
29864
7476
33306
48445
26133
22312
33733
97341
84981
42924
86159
66920
83836
99292
60701
94142
14827
46370
78585
77632
74403
72552
68408
88205
33856
4337
39853
79702
29488
71095
89032
10141
56582
11850
96637
65333
24874
77213
5133
62359
34882
3918
64493
98673
64217
16832
17297
4121
10942
43904
53493
47772
27057
13191
2716
49238
89343
37923
47802
45002
97116
85502
36944
64319
56811
69418
43948
76345
11882
99222
76121
80440
3147
73048
57553
24932
99505
99588
21908
56157
21846
92021
33296
19231
94026
85047
16415
54714
93931
88037
17867
61269
44941
2227
39380
23371
83509
97948
80687
35277
62125
69089
4860
87720
98564
56304
92148
22154
62131
57896
79717
98896
95513
27915
94145
70140
6876
94649
71142
96556
31029
19563
22667
97084
50731
56617
55496
75532
89653
65018
67210
24701
37032
74616
45741
69043
40708
2485
76776
70209
10031
71670
19701
86357
3032
88639
47228
45737
33287
94691
56447
67788
21049
18364
49767
40892
30540
20832
53057
44927
80679
44371
85284
88872
90053
45132
19010
18998
18629
15797
74376
41533
98458
81122
70504
95219
3550
79959
17768
3776
95122
31006
71933
36072
92602
16384
86922
2662
63030
7070
96811
21360
91927
97258
29591
91644
97227
10964
5403
27953
74545
93445
88
15294
16807
2490
61324
67106
34206
70201
49033
84935
11488
14533
34373
42243
78688
41743
32343
40550
38780
95786
61870
15097
91076
78789
24235
99374
12750
87911
65768
93092
12536
88236
44003
16548
50423
68755
47785
75871
25084
9094
31335
8229
66811
18295
9847
23843
37886
93833
29939
12554
34607
88920
72092
36651
5594
69276
64239
88838
